
<svg width="404px" height="404px" viewBox="442 188 404 404" version="1.1" xmlns="http://www.w3.org/2000/svg" xmlns:xlink="http://www.w3.org/1999/xlink">
    <defs></defs>
    <g id="Team_SoloMid_logo" stroke="none" stroke-width="1" fill="none" fill-rule="evenodd" transform="translate(443.000000, 189.000000)">
        <g id="svg2" stroke="#000000" stroke-width="2">
            <g id="layer1" transform="translate(0.728450, 0.812300)">
                <path d="M193.28087,0.1877 C171.16182,1.0427 149.10587,5.1802 128.43715,13.1927 C73.24652,34.3176 28.66529,81.2145 10.03405,137.2426 C3.98311,155.8832 0.86874,175.4207 0.27155,194.9926 L0.27155,207.4732 C1.26405,233.4795 6.98092,259.3826 17.8653,283.0638 C37.62154,326.3044 73.13402,362.1482 116.28089,382.1544 C136.4434,391.415 158.23087,396.9169 180.26837,399.2185 C180.23087,389.1966 180.26812,379.1778 180.25287,369.1591 C148.48412,364.7435 117.37789,352.5975 92.74039,331.7685 C85.28509,325.6344 78.58727,318.6607 72.16322,311.4751 C42.2351,278.3501 27.64448,232.397 31.26635,188.0657 C34.2901,147.3157 51.79759,107.4876 81.03509,78.7564 C109.88194,49.9564 149.99132,34.6032 190.16942,31.1314 C190.14772,154.147 190.16917,277.1688 190.16042,400.1875 L210.21042,400.1875 C210.58792,277.1688 209.5051,154.1313 210.74697,31.1251 C235.88447,33.5214 260.80323,40.1767 283.11573,52.1501 C300.97195,61.6851 316.98133,74.672 329.9157,90.2439 C356.23758,121.7376 370.22506,162.9438 369.52506,203.8938 C369.01318,244.7126 353.05445,285.2063 325.3032,315.1907 C312.53353,328.8038 297.7657,340.6313 281.33448,349.5407 C262.40323,359.8782 241.4376,366.2063 220.11572,369.1632 C220.10672,379.1788 220.14982,389.1944 220.09402,399.21 C250.58153,396.1522 280.58465,386.555 306.44713,369.9757 C322.45338,359.8166 336.86588,347.2913 349.84713,333.5163 C374.22523,304.5132 392.49086,269.5569 398.05961,231.8007 C404.61928,187.0038 396.59303,139.7351 373.61273,100.532 C363.26898,82.7379 350.05025,66.7101 335.11275,52.5851 C316.69495,37.2811 296.65963,23.5727 274.46903,14.3352 C253.03778,5.2961 229.83777,0.782 206.61905,0.1883 L193.27247,0.1883 M180.24717,41.607 C145.06905,46.1873 111.22219,62.4007 86.05969,87.5257 C56.46909,117.107 40.36596,158.7663 40.20971,200.4226 C76.85032,200.8188 113.50969,199.721 150.13467,200.9688 C150.13442,240.7345 150.13867,280.4969 150.13167,320.2594 C122.8442,308.3407 98.43482,287.8001 85.85669,260.4063 L120.25982,260.4063 C120.25382,250.3969 120.25977,240.3875 120.25582,230.3781 L42.99021,230.3781 C49.27459,257.3281 60.51522,283.5531 78.41832,304.8781 C103.62144,335.5312 141.68392,352.925 180.25892,359.2468 C180.24022,296.2937 180.25892,233.3438 180.24992,170.3906 C144.90305,170.0006 109.53119,171.1272 74.19994,169.8419 C79.28652,149.395 88.92494,129.945 102.99682,114.1825 C115.84682,99.6763 132.24057,88.4794 150.13117,81.1232 C150.14367,100.9232 150.13117,120.72 150.13717,140.5169 L180.2528,140.5169 C180.25305,107.545 180.2528,74.5794 180.2528,41.6075 M220.33715,41.6175 C220.16247,42.0325 220.08122,42.475 220.11247,42.9275 C220.13417,148.3743 220.09717,253.8274 220.13147,359.2743 C230.34522,357.9515 240.38115,355.5458 250.23458,352.5783 L250.23458,80.5753 C256.9877,84.204 264.61583,86.7284 270.11583,92.2668 C270.14393,176.0856 270.11883,259.9074 270.12803,343.7262 C281.23115,339.4393 291.4624,332.8965 300.16553,324.798 C300.15653,255.7856 300.16555,186.7699 300.16253,117.7575 C312.68753,131.7325 320.85628,149.1762 325.60315,167.2199 C332.89595,194.6949 331.26253,224.4949 320.16378,250.7387 C319.90785,268.9512 319.90473,287.2199 320.09848,305.4512 C327.14158,299.4449 332.7994,291.9855 337.54908,284.0824 C348.44003,265.6262 354.80533,244.7668 357.97408,223.6512 C361.46596,199.1856 360.63908,173.7168 352.7472,150.1418 C343.05033,123.9887 327.59408,99.6668 306.88473,80.845 C283.03473,59.145 252.04098,46.2387 220.33787,41.62" id="path8060"></path>
            </g>
        </g>
    </g>
</svg>